1.000000000 0.000000000 0.000000000 0.000000000 0.000000000 1.000000000 0.000000000 0.000000000 0.000000000 0.000000000 1.000000000 0.000000000
0.999999881 -0.000461252 0.000069054 -0.000989620 0.000461269 0.999999881 -0.000253678 -0.000601062 -0.000068937 0.000253710 0.999999940 -0.001821305
0.999999940 -0.000356224 0.000086115 0.001342034 0.000356240 0.999999940 -0.000187601 0.000470529 -0.000086049 0.000187632 1.000000000 0.003058331
0.999999821 -0.000537619 0.000134580 -0.000320264 0.000537656 0.999999821 -0.000277061 -0.000195206 -0.000134431 0.000277133 0.999999940 -0.000531530
1.000000000 -0.000175077 0.000064889 0.000455255 0.000175089 0.999999940 -0.000175430 0.000140811 -0.000064858 0.000175442 1.000000000 0.000681440
0.999999940 -0.000384195 0.000103409 0.000296927 0.000384218 0.999999881 -0.000222435 0.000222622 -0.000103323 0.000222475 0.999999940 0.001525007
0.999999881 -0.000462450 0.000135011 -0.000018525 0.000462488 0.999999881 -0.000277386 0.000010551 -0.000134883 0.000277448 0.999999940 0.000655552
0.999999940 -0.000311135 0.000069188 0.000934195 0.000311151 0.999999940 -0.000222578 0.000714108 -0.000069119 0.000222599 1.000000000 0.002559383
0.999999940 -0.000298691 0.000121117 -0.000322889 0.000298720 0.999999940 -0.000237167 -0.000084217 -0.000121046 0.000237203 0.999999940 -0.000113548
0.999999940 -0.000264482 0.000100116 0.000052995 0.000264500 0.999999940 -0.000183420 0.000062350 -0.000100068 0.000183447 1.000000000 0.000635836
0.999999881 -0.000507149 0.000072117 0.000416749 0.000507170 0.999999821 -0.000281576 0.000427918 -0.000071974 0.000281613 0.999999940 0.001096754
0.999999940 -0.000384923 0.000041483 0.000566559 0.000384931 0.999999881 -0.000186782 0.000186911 -0.000041411 0.000186798 1.000000000 0.001205825
0.999999940 -0.000368942 0.000124318 -0.000526095 0.000368972 0.999999881 -0.000241392 0.000013383 -0.000124228 0.000241438 0.999999940 -0.000842486
0.999999881 -0.000480689 0.000127496 0.000243245 0.000480727 0.999999821 -0.000295813 0.000097178 -0.000127354 0.000295874 0.999999940 0.000863650
1.000000000 -0.000142611 0.000094771 -0.000591124 0.000142626 1.000000000 -0.000153911 -0.000185078 -0.000094749 0.000153925 1.000000000 -0.000825081
0.999999940 -0.000267775 0.000113696 -0.000432832 0.000267802 0.999999940 -0.000235494 -0.000014250 -0.000113633 0.000235525 0.999999940 0.000122360
1.000000000 -0.000168322 0.000045565 -0.000028582 0.000168328 1.000000000 -0.000129164 0.000296256 -0.000045543 0.000129172 1.000000000 0.000846996
0.999999940 -0.000311432 0.000111083 -0.000159836 0.000311452 0.999999940 -0.000181720 -0.000154680 -0.000111027 0.000181755 1.000000000 0.000691204
0.999999940 -0.000296899 0.000059990 0.000387405 0.000296911 0.999999940 -0.000194240 0.000460122 -0.000059932 0.000194257 1.000000000 0.001096672
1.000000000 -0.000214202 0.000037237 -0.000342633 0.000214207 0.999999940 -0.000147678 0.000134210 -0.000037205 0.000147686 1.000000000 0.000289665
0.999999940 -0.000360960 0.000045744 0.000516362 0.000360970 0.999999881 -0.000222994 0.000481242 -0.000045664 0.000223010 1.000000000 0.001340862
0.999999940 -0.000311294 0.000062430 0.000278144 0.000311303 0.999999940 -0.000146510 0.000214157 -0.000062384 0.000146529 1.000000000 0.000889860
0.999999940 -0.000302672 0.000014474 -0.000028454 0.000302674 0.999999940 -0.000167360 -0.000072902 -0.000014423 0.000167364 1.000000000 -0.000795038
0.999999940 -0.000327783 0.000061342 0.000292626 0.000327795 0.999999940 -0.000197571 0.000048436 -0.000061277 0.000197591 1.000000000 -0.000175254
1.000000000 -0.000149827 0.000025524 -0.000142541 0.000149831 1.000000000 -0.000144473 0.000066517 -0.000025502 0.000144477 1.000000000 -0.000347064
1.000000000 -0.000105185 0.000051267 -0.000562293 0.000105191 1.000000000 -0.000122735 -0.000105160 -0.000051254 0.000122741 1.000000000 -0.000836677
0.999999940 -0.000260599 0.000044322 0.001371667 0.000260608 0.999999940 -0.000209805 0.000638103 -0.000044268 0.000209817 1.000000000 0.002505851
0.999999940 -0.000297795 0.000082124 0.000298270 0.000297810 0.999999940 -0.000177669 0.000230408 -0.000082071 0.000177693 1.000000000 0.000549099
1.000000000 -0.000064020 0.000034173 -0.000389557 0.000064023 1.000000000 -0.000085579 -0.000010223 -0.000034168 0.000085581 1.000000000 -0.000890427
0.999999940 -0.000312983 0.000007329 0.000009813 0.000312984 0.999999940 -0.000163949 -0.000103371 -0.000007278 0.000163951 1.000000000 -0.000603464
0.999999940 -0.000341387 0.000053554 0.000089360 0.000341394 0.999999940 -0.000124042 0.000170540 -0.000053512 0.000124060 1.000000000 0.000484359
1.000000000 -0.000019259 0.000001691 0.000101514 0.000019259 1.000000000 -0.000067281 0.000265052 -0.000001690 0.000067281 1.000000000 -0.000028801
1.000000000 -0.000104387 -0.000001753 0.000115431 0.000104387 1.000000000 -0.000065905 0.000237245 0.000001760 0.000065905 1.000000000 0.000064377
0.999985218 0.004779430 -0.002592434 -0.005617294 -0.004790733 0.999978960 -0.004371544 -0.002112254 0.002571486 0.004383899 0.999987066 -0.012138769
0.999977410 0.006098847 -0.002826640 -0.008741759 -0.006113844 0.999967098 -0.005327572 -0.003785929 0.002794055 0.005344733 0.999981821 -0.019800957
0.999968469 0.006948688 -0.003849013 -0.010376871 -0.006973718 0.999954402 -0.006528295 -0.004408561 0.003803474 0.006554931 0.999971271 -0.022642180
0.999966860 0.007197449 -0.003808923 -0.012282260 -0.007221843 0.999953270 -0.006429980 -0.006058500 0.003762465 0.006457274 0.999972045 -0.026509041
0.999964654 0.007216686 -0.004315645 -0.012074857 -0.007245535 0.999951243 -0.006707048 -0.006895351 0.004267032 0.006738080 0.999968171 -0.026207734
0.999975324 0.005997569 -0.003665580 -0.016740285 -0.006022952 0.999957681 -0.006953132 -0.009820858 0.003623723 0.006975038 0.999969125 -0.030964376
0.999968171 0.006697991 -0.004335372 -0.013534188 -0.006728434 0.999952555 -0.007045921 -0.007463673 0.004287973 0.007074867 0.999965787 -0.026089471
0.999961972 0.007333026 -0.004721351 -0.018337820 -0.007367419 0.999946177 -0.007308755 -0.012149838 0.004667501 0.007343261 0.999962151 -0.035970557
0.999961078 0.007357853 -0.004866766 -0.012179123 -0.007394759 0.999943733 -0.007609221 -0.007752290 0.004810505 0.007644913 0.999959230 -0.028389020
0.999965012 0.006873320 -0.004763431 -0.012419579 -0.006909252 0.999947488 -0.007568189 -0.007857991 0.004711162 0.007600836 0.999960005 -0.028991891
0.999962807 0.007237052 -0.004686991 -0.013271820 -0.007271633 0.999946177 -0.007403703 -0.007168384 0.004633158 0.007437510 0.999961615 -0.026895851
0.999963462 0.007044922 -0.004842812 -0.010261836 -0.007080942 0.999947071 -0.007461401 -0.007360362 0.004789991 0.007495421 0.999960423 -0.025594309
0.999963760 0.006941525 -0.004928908 -0.009846154 -0.006978417 0.999947488 -0.007507444 -0.006964404 0.004876536 0.007541568 0.999959648 -0.026000902
0.999993145 0.002744876 -0.002490779 -0.008563924 -0.002758113 0.999981999 -0.005326542 -0.007009747 0.002476113 0.005333375 0.999982715 -0.021242647
0.999852717 -0.017084325 0.001652109 0.036887027 0.017060228 0.999761462 0.013639160 0.021318054 -0.001884731 -0.013608966 0.999905646 0.074651502
0.997951567 0.032932829 -0.054845650 0.074841820 -0.030813407 0.998761952 0.039050870 0.020523258 0.056063809 -0.037280895 0.997730851 0.102988750
0.997759461 -0.011456887 -0.065914132 0.044179305 0.009951078 0.999682844 -0.023128150 -0.065321900 0.066158220 0.022420408 0.997557223 0.131595001
0.990063071 -0.036070418 -0.135919690 0.098290965 0.032923024 0.999136746 -0.025334176 -0.042984113 0.136716157 0.020607540 0.990395904 0.299451649
0.974397480 -0.066929780 -0.214638963 -0.255947232 0.067387894 0.997713327 -0.005190719 -0.596428692 0.214495555 -0.009406243 0.976679802 -0.239040196
0.945820987 -0.089118935 -0.312218457 -0.146882698 0.094255529 0.995547116 0.001366873 -0.539544642 0.310706317 -0.030721132 0.950009346 -0.023367221
0.864255786 -0.129625455 -0.486065000 2.068318129 0.199749485 0.975221753 0.095092356 -2.649821281 0.461694747 -0.179275349 0.868733704 1.660310507
0.859097719 -0.119249061 -0.497725666 2.079062462 0.219149366 0.964527726 0.147172853 -2.638175964 0.462519914 -0.235512108 0.854756892 1.878942013
0.808096051 -0.152134329 -0.569065869 1.992665887 0.248220012 0.964058757 0.094750211 -2.608505964 0.534198165 -0.217820793 0.816814840 1.839571357
0.734126508 -0.200494975 -0.648737371 2.123265266 0.281456470 0.959321260 0.022020495 -1.973394275 0.617932498 -0.198757157 0.760693669 2.561048746
0.691781342 -0.203520238 -0.692833424 2.095197916 0.307328314 0.951207697 0.027443763 -1.983821511 0.653443098 -0.231912419 0.720575273 2.613722801
0.659161568 -0.213619784 -0.721021950 2.083914995 0.335245639 0.941730082 0.027473278 -1.989087939 0.673139215 -0.259828776 0.692367375 2.640138388
0.641044080 -0.227286071 -0.733078182 2.078255177 0.356513739 0.934027135 0.022166291 -1.985880494 0.679676771 -0.275561959 0.679783046 2.644408226
0.616814733 -0.243666649 -0.748442471 2.068060398 0.379670203 0.925047457 0.011734938 -1.978669047 0.689485490 -0.291399598 0.663095772 2.646165848
0.597710192 -0.257237583 -0.759322941 2.065502167 0.394078135 0.919076204 -0.001154192 -1.977294326 0.698172569 -0.298542708 0.650712967 2.642950296
0.579853892 -0.259502679 -0.772287428 2.056621790 0.403962314 0.914766550 -0.004072586 -1.975761294 0.707519472 -0.309613556 0.635260344 2.647857189
0.578466177 -0.256889820 -0.774199247 2.056702375 0.400217116 0.916406453 -0.005041938 -1.978260994 0.710776448 -0.306931227 0.632921875 2.641762257
0.567973614 -0.258848369 -0.781283200 2.060197353 0.403322160 0.915003896 -0.009946376 -1.976112247 0.717451751 -0.309459567 0.624097466 2.645649433
0.565833390 -0.261652291 -0.781901896 2.060494900 0.405505657 0.914008200 -0.012410395 -1.978960395 0.717912078 -0.310043454 0.623277903 2.645305395
0.566608012 -0.263087153 -0.780858874 2.066418648 0.405933946 0.913805306 -0.013325072 -1.981021047 0.717058599 -0.309427023 0.624565423 2.643467426
0.572982907 -0.263805777 -0.775949180 2.074521065 0.401496619 0.915739954 -0.014855079 -1.983554721 0.714486599 -0.303029299 0.630620480 2.638506413
0.597550392 -0.255032599 -0.760191977 2.079122066 0.382232070 0.924017072 -0.009539120 -1.984865785 0.704863131 -0.284869701 0.649628520 2.631958961
0.628702402 -0.243991062 -0.738377631 2.106643677 0.354874402 0.934889495 -0.006763824 -1.977420926 0.691951752 -0.257778913 0.674353540 2.650480509
0.673034191 -0.229453236 -0.703118920 2.122022867 0.320089757 0.947383225 -0.002771594 -1.977756739 0.666758955 -0.223195791 0.711066782 2.644611835
0.730126977 -0.202500507 -0.652616382 2.143272638 0.270177841 0.962803960 0.003517930 -1.984476447 0.627629280 -0.178891018 0.757680357 2.634274483
0.787172973 -0.171816304 -0.592315674 2.171295643 0.220057651 0.975440562 0.009499758 -1.986126423 0.576136529 -0.137821540 0.805650055 2.622000933
0.834923923 -0.130426750 -0.534687698 2.186565399 0.165905848 0.985966980 0.018557163 -1.985257030 0.524764061 -0.104201615 0.844846010 2.615761518
0.870303810 -0.090802267 -0.484072626 2.183775663 0.118310206 0.992622674 0.026511349 -1.970301867 0.478094131 -0.080343649 0.874626160 2.628210306
0.902883410 -0.053090595 -0.426594645 2.249256134 0.068558261 0.997426629 0.020971028 -1.991719484 0.424383461 -0.048180971 0.904199779 2.597851992
0.921060920 -0.016722066 -0.389059335 2.370696068 0.028840605 0.999263048 0.025328303 -2.069494247 0.388349146 -0.034549609 0.920864403 2.534652710
0.934244931 0.018646834 -0.356144041 2.432789087 -0.008365676 0.999503136 0.030386534 -2.191883802 0.356533706 -0.025409076 0.933936894 2.259768009
0.943894446 0.030301234 -0.328854203 2.466393232 -0.021278434 0.999292791 0.031002223 -2.455247879 0.329561055 -0.022265330 0.943871617 1.836163282
0.955034971 0.029296169 -0.295042187 2.404330015 -0.020009995 0.999206245 0.034444805 -2.628748417 0.295817047 -0.026992207 0.954863131 1.481610179
0.958936930 0.013001492 -0.283321440 2.417567968 -0.001583440 0.999178529 0.040492505 -2.607780695 0.283615142 -0.038381133 0.958169758 1.438623190
0.958247006 0.012485940 -0.285669267 2.418069839 0.004449307 0.998274088 0.058556966 -2.548462868 0.285907358 -0.057383068 0.956537545 1.476261616
0.960565627 0.013343262 -0.277732909 2.423861027 0.007186586 0.997322798 0.072770372 -2.493854284 0.277960330 -0.071896672 0.957898200 1.486332536
0.970067799 0.016687101 -0.242259905 2.276669741 0.006567759 0.995468199 0.094867721 -2.443188190 0.242745101 -0.093619242 0.965562105 1.527819395
0.973350823 0.009690238 -0.229116425 2.309022427 0.016868919 0.993374407 0.113677591 -2.430263042 0.228699967 -0.114513122 0.966738403 1.586413145
0.975998521 0.007250937 -0.217656076 2.293080330 0.018656198 0.992987633 0.116736963 -2.412625313 0.216976166 -0.117995761 0.969019294 1.564625740
0.975120485 -0.002114456 -0.221665442 2.391718626 0.034220509 0.989403665 0.141100317 -2.387616396 0.219018176 -0.145175308 0.964860201 1.678179979
0.972738683 -0.016026402 -0.231349498 2.342332840 0.058193356 0.982558012 0.176616147 -2.221760988 0.224483773 -0.185264364 0.956704855 1.816778302
0.969371319 -0.019087378 -0.244856939 2.388663054 0.069210410 0.977800727 0.197776437 -1.898963094 0.235646248 -0.208665460 0.949173093 1.791758895
0.977710009 -0.018053558 -0.209182143 2.308244705 0.051324427 0.986621439 0.154737830 -1.936487556 0.203590035 -0.162024871 0.965556324 1.667252302
0.982978940 -0.053409904 -0.175783142 2.264636040 0.075138792 0.990002036 0.119374052 -1.962581754 0.167649895 -0.130550325 0.977164268 1.542493463
0.983602762 -0.091719247 -0.155284092 2.441597223 0.103226960 0.992349565 0.067726120 -1.658895135 0.147884324 -0.082645111 0.985545516 1.464527845
0.983760178 -0.091382697 -0.154483080 2.443401814 0.102504447 0.992566109 0.065615170 -1.656358600 0.147338584 -0.080384806 0.985814214 1.465434670
0.991499543 -0.045132786 -0.122031353 2.394784927 0.053609364 0.996305346 0.067094401 -1.702745199 0.118552312 -0.073066078 0.990255952 1.373248696
0.990803421 -0.068744607 -0.116544470 2.568024397 0.078546099 0.993556738 0.081703387 -2.005277872 0.110176884 -0.090106122 0.989819169 1.370218873
0.990768790 -0.067613274 -0.117496789 2.578978777 0.077418052 0.993703842 0.080987968 -1.999757051 0.111281149 -0.089336723 0.989765346 1.375056028
0.991517365 -0.063650034 -0.113322370 2.564783335 0.072945051 0.994133711 0.079857476 -2.010125160 0.107574664 -0.087446362 0.990343809 1.358997941
0.991382003 -0.064474411 -0.114038773 2.567859411 0.073884383 0.994027972 0.080308393 -2.005991936 0.108179897 -0.088041961 0.990225136 1.367979050
0.991405308 -0.062227018 -0.115079671 2.563415527 0.071311139 0.994509995 0.076580457 -2.011276484 0.109682508 -0.084128730 0.990399897 1.355309248
0.991490543 -0.061637528 -0.114661321 2.563131094 0.070725441 0.994523108 0.076954320 -2.014528990 0.109290041 -0.084408969 0.990419507 1.349677205
0.989992738 -0.065903604 -0.124783687 2.566421032 0.075913034 0.994118869 0.077232316 -2.004232645 0.118959919 -0.085932150 0.989173532 1.361616611
0.988288820 -0.067669086 -0.136769816 2.567882776 0.078558408 0.994019747 0.075849935 -2.003115416 0.130819216 -0.085706063 0.987694681 1.361291528
0.986436009 -0.071479179 -0.147765428 2.575044394 0.083023548 0.993834376 0.073487781 -1.989347458 0.141601503 -0.084759004 0.986288428 1.371033669
0.986639440 -0.068523578 -0.147807539 2.565992117 0.079785667 0.994233191 0.071655802 -2.002236843 0.142045036 -0.082491368 0.986416936 1.350723743
0.986577868 -0.068968035 -0.148011625 2.568651676 0.080070354 0.994299710 0.070404947 -1.997547984 0.142312214 -0.081311315 0.986476421 1.356242061
0.986552596 -0.069119312 -0.148109868 2.569400072 0.080249384 0.994276226 0.070532359 -1.999710441 0.142386973 -0.081469603 0.986452579 1.353726268
0.986640215 -0.068907641 -0.147624105 2.565069199 0.080004610 0.994291544 0.070594646 -2.004678249 0.141916901 -0.081462108 0.986520946 1.346691132
0.986734629 -0.067781411 -0.147514254 2.565683842 0.078784287 0.994426429 0.070064783 -2.001724958 0.141942993 -0.080757156 0.986575127 1.346373558
0.989715874 -0.057126090 -0.131145060 2.547892809 0.066284448 0.995578170 0.066561945 -2.017491102 0.126762748 -0.074570283 0.989126146 1.317395926
0.991815627 -0.048933577 -0.117929056 2.529524803 0.056845006 0.996285558 0.064682588 -2.032124758 0.114325866 -0.070856884 0.990913153 1.295003057
0.992440104 -0.046518944 -0.113571584 2.517952681 0.054030702 0.996487260 0.063983455 -2.049070835 0.110196181 -0.069636106 0.991467416 1.271499395
0.992417514 -0.046820547 -0.113645919 2.517643690 0.054298952 0.996495664 0.063625313 -2.047146082 0.110268667 -0.069313720 0.991481960 1.272222757
0.992324829 -0.046838764 -0.114444472 2.519273520 0.054404855 0.996471882 0.063906774 -2.046494722 0.111047365 -0.069642618 0.991372049 1.275157452
0.992274821 -0.045000494 -0.115609147 2.515105486 0.052597187 0.996593416 0.063521557 -2.045264244 0.112356827 -0.069111571 0.991261601 1.273991585
0.992238998 -0.045914583 -0.115557648 2.519702435 0.053590152 0.996496141 0.064214975 -2.047330379 0.112204343 -0.069909349 0.991222918 1.274910927
0.992265999 -0.045564953 -0.115463398 2.520498514 0.053226773 0.996518791 0.064165741 -2.043125391 0.112137735 -0.069815218 0.991237104 1.278549194
0.992231548 -0.045758326 -0.115682982 2.522639036 0.053432867 0.996509731 0.064133562 -2.043831110 0.112344578 -0.069816604 0.991213620 1.278526783
0.992198825 -0.046045203 -0.115849718 2.525445938 0.053715695 0.996504307 0.063982949 -2.044835806 0.112498626 -0.069706760 0.991203845 1.275274277
0.992241800 -0.045379315 -0.115745366 2.522377491 0.053026237 0.996548772 0.063865684 -2.039180517 0.112447716 -0.069507740 0.991223574 1.278290868
0.992235541 -0.045695707 -0.115674108 2.521089077 0.053349987 0.996525228 0.063962683 -2.043332577 0.112349354 -0.069637261 0.991225660 1.276090622
0.992246270 -0.045617361 -0.115612559 2.522165298 0.053275552 0.996524334 0.064038545 -2.043267965 0.112289466 -0.069701344 0.991227925 1.278155804
0.992243946 -0.045925844 -0.115510419 2.520313978 0.053556029 0.996521831 0.063843116 -2.042949915 0.112176605 -0.069534220 0.991252482 1.276700735
0.992248476 -0.045749109 -0.115541562 2.520445824 0.053404450 0.996516645 0.064052641 -2.044010401 0.112208717 -0.069726571 0.991235316 1.275356650
0.992225289 -0.046060070 -0.115616329 2.524365425 0.053694569 0.996516407 0.063810125 -2.039153576 0.112274483 -0.069521986 0.991242290 1.284156561
0.992235243 -0.045606006 -0.115712576 2.522109270 0.053252235 0.996536314 0.063871153 -2.041867256 0.112398893 -0.069537155 0.991227031 1.275983572
0.992257893 -0.045794539 -0.115443677 2.520024061 0.053421613 0.996527791 0.063862175 -2.040971041 0.112118311 -0.069534935 0.991258979 1.277856469
0.992246568 -0.045448877 -0.115676150 2.520530462 0.053105474 0.996536434 0.063991234 -2.042323351 0.112367168 -0.069638103 0.991223574 1.276759505
0.992253721 -0.045781206 -0.115483083 2.520756721 0.053414382 0.996526301 0.063892066 -2.043402672 0.112156868 -0.069565609 0.991252482 1.278081536
0.992235839 -0.045965798 -0.115564778 2.522892714 0.053596836 0.996521413 0.063815229 -2.040228128 0.112229459 -0.069513649 0.991247892 1.282333374
0.992237628 -0.045820080 -0.115607627 2.523081064 0.053453438 0.996529162 0.063814692 -2.038444042 0.112282380 -0.069498949 0.991243005 1.284893632
0.992185295 -0.045842648 -0.116046354 2.527171135 0.053518686 0.996519029 0.063917391 -2.037675619 0.112712272 -0.069628537 0.991185069 1.285210729
0.992138207 -0.045963898 -0.116399594 2.522684336 0.053691100 0.996495366 0.064142808 -2.041263342 0.113043405 -0.069888160 0.991129041 1.278441429
0.992028177 -0.046930175 -0.116951026 2.523396254 0.054695770 0.996443510 0.064099371 -2.039679289 0.113526896 -0.069985121 0.991066992 1.284196138
0.992109478 -0.045366742 -0.116877683 2.520029306 0.053046703 0.996573687 0.063458279 -2.042177200 0.113598339 -0.069157541 0.991116881 1.275695801
0.992127836 -0.045766793 -0.116566710 2.521936178 0.053411018 0.996563017 0.063320547 -2.041585684 0.113268077 -0.069048025 0.991162300 1.277283669
0.992151499 -0.044748366 -0.116760530 2.522087097 0.052347347 0.996649325 0.062847055 -2.037818670 0.113557003 -0.068465903 0.991169631 1.282928705
0.992139816 -0.044722941 -0.116868936 2.520952702 0.052335825 0.996646464 0.062903866 -2.039981365 0.113663755 -0.068525866 0.991153240 1.277483463
0.992255747 -0.044883426 -0.115818553 2.521981478 0.052472472 0.996612310 0.063329563 -2.041451931 0.112583742 -0.068916418 0.991249442 1.280598402
0.992340446 -0.044665728 -0.115175456 2.521460772 0.052220751 0.996618807 0.063434154 -2.042349815 0.111952692 -0.068962820 0.991317749 1.277196169
0.992412388 -0.045312479 -0.114299931 2.523616791 0.052824058 0.996578574 0.063567787 -2.037986040 0.111028448 -0.069123246 0.991410494 1.280799270
0.992623389 -0.050339028 -0.110293962 2.528009415 0.058240704 0.995871246 0.069631115 -2.036193848 0.106333420 -0.075541064 0.991456866 1.297578812
0.991761625 -0.071954183 -0.105977468 2.554137707 0.080727339 0.993442774 0.080959879 -2.008869171 0.099457137 -0.088848181 0.991067231 1.365304232
0.988055766 -0.103868604 -0.113829002 2.558038235 0.112903669 0.990693629 0.076018959 -2.015383720 0.104873694 -0.087962680 0.990587711 1.382913589
0.973965585 -0.132335797 -0.184060171 2.589159966 0.147227168 0.986645103 0.069682240 -1.974332929 0.172380641 -0.094966769 0.980441868 1.486062169
0.966307878 -0.155287758 -0.205267549 2.666625977 0.171531186 0.983113766 0.063752949 -1.968012810 0.191901296 -0.096814767 0.976627290 1.648670912
0.959607244 -0.159936175 -0.231461212 2.808624744 0.179549307 0.981520951 0.066171505 -1.915273190 0.216600835 -0.105057366 0.970591068 1.754199982
0.954009116 -0.157070965 -0.255333692 2.865438938 0.182033628 0.980263531 0.077117905 -1.908413529 0.238181338 -0.120050505 0.963772535 1.831268072
0.948181510 -0.173101112 -0.266435236 2.984673262 0.201065168 0.976196945 0.081316285 -1.852609515 0.246017307 -0.130673453 0.960416555 2.145641327
0.952455044 -0.163563818 -0.257053018 3.002221584 0.192963257 0.976742983 0.093478799 -1.871624351 0.235784978 -0.138636142 0.961865604 2.198735237
0.967174172 -0.157883242 -0.199115217 2.983659029 0.182559282 0.976765513 0.112255290 -1.967397690 0.176765591 -0.144920751 0.973525465 2.187923431
0.984956920 -0.116568521 -0.127560347 2.821950436 0.128576681 0.987577438 0.090326250 -1.568216801 0.115446530 -0.105368756 0.987709165 1.862570405
0.994916737 -0.076052494 -0.066003785 2.621563196 0.079212993 0.995764971 0.046663094 -0.837572455 0.062175401 -0.051654257 0.996727645 1.514773130
0.989243448 0.073816590 0.126287267 2.340349197 -0.080055557 0.995771587 0.045055661 -0.613926411 -0.122427434 -0.054681022 0.990969896 1.329860330
0.981217325 0.122234255 0.149235174 2.207868099 -0.130537152 0.990322351 0.047133777 -0.653893411 -0.142029569 -0.065729216 0.987677634 1.527948380
0.977440596 0.125926405 0.169565573 2.023224354 -0.130153134 0.991395056 0.014001302 -0.354642451 -0.166343316 -0.035754938 0.985419333 1.487363219
0.960174024 0.174879357 0.217906281 2.017390251 -0.185161963 0.982322156 0.027533924 -0.507469177 -0.209239095 -0.066785321 0.975581169 1.766532421
0.940005362 0.210744306 0.268285066 1.759627819 -0.219663233 0.975570083 0.003312603 -0.272745579 -0.261032790 -0.062046230 0.963333786 1.999891520
0.915313601 0.247781962 0.317498296 1.662769794 -0.249289185 0.967738450 -0.036568232 -0.122184977 -0.316316217 -0.045677491 0.947553515 2.138122320
0.877461791 0.295611143 0.377723426 1.498901367 -0.289992839 0.954230547 -0.073131718 0.043319210 -0.382053792 -0.045366805 0.923025846 2.336596489
0.845151901 0.314076900 0.432520449 1.496501684 -0.289563298 0.949166954 -0.123430885 0.553459346 -0.449300975 -0.020924235 0.893135428 2.371227264
0.844638169 0.342488348 0.411446452 1.467941403 -0.332631886 0.937959850 -0.097914822 0.658170819 -0.419454992 -0.054157637 0.906159222 2.660196304
0.799452364 0.432849437 0.416554183 1.480718017 -0.422545433 0.898060441 -0.122241050 0.745964885 -0.427002758 -0.078287162 0.900855064 2.872785807
0.704973936 0.526040077 0.475703269 1.512186289 -0.536302209 0.834294915 -0.127796993 0.874512136 -0.464103132 -0.165027142 0.870272577 2.995361328
0.567557633 0.550590158 0.612150908 0.608078003 -0.658386469 0.749945521 -0.064102337 0.000579774 -0.494373858 -0.366650045 0.788138509 4.831299305
0.567557633 0.550590158 0.612150908 0.608078003 -0.658386469 0.749945521 -0.064102337 0.000579774 -0.494373858 -0.366650045 0.788138509 4.831299305
0.567557633 0.550590158 0.612150908 0.608078003 -0.658386469 0.749945521 -0.064102337 0.000579774 -0.494373858 -0.366650045 0.788138509 4.831299305
0.567557633 0.550590158 0.612150908 0.608078003 -0.658386469 0.749945521 -0.064102337 0.000579774 -0.494373858 -0.366650045 0.788138509 4.831299305
0.567557633 0.550590158 0.612150908 0.608078003 -0.658386469 0.749945521 -0.064102337 0.000579774 -0.494373858 -0.366650045 0.788138509 4.831299305
0.567557633 0.550590158 0.612150908 0.608078003 -0.658386469 0.749945521 -0.064102337 0.000579774 -0.494373858 -0.366650045 0.788138509 4.831299305
0.567557633 0.550590158 0.612150908 0.608078003 -0.658386469 0.749945521 -0.064102337 0.000579774 -0.494373858 -0.366650045 0.788138509 4.831299305
0.567557633 0.550590158 0.612150908 0.608078003 -0.658386469 0.749945521 -0.064102337 0.000579774 -0.494373858 -0.366650045 0.788138509 4.831299305
0.567557633 0.550590158 0.612150908 0.608078003 -0.658386469 0.749945521 -0.064102337 0.000579774 -0.494373858 -0.366650045 0.788138509 4.831299305
0.567557633 0.550590158 0.612150908 0.608078003 -0.658386469 0.749945521 -0.064102337 0.000579774 -0.494373858 -0.366650045 0.788138509 4.831299305
0.567557633 0.550590158 0.612150908 0.608078003 -0.658386469 0.749945521 -0.064102337 0.000579774 -0.494373858 -0.366650045 0.788138509 4.831299305
0.567557633 0.550590158 0.612150908 0.608078003 -0.658386469 0.749945521 -0.064102337 0.000579774 -0.494373858 -0.366650045 0.788138509 4.831299305
0.567557633 0.550590158 0.612150908 0.608078003 -0.658386469 0.749945521 -0.064102337 0.000579774 -0.494373858 -0.366650045 0.788138509 4.831299305
0.567557633 0.550590158 0.612150908 0.608078003 -0.658386469 0.749945521 -0.064102337 0.000579774 -0.494373858 -0.366650045 0.788138509 4.831299305
0.567557633 0.550590158 0.612150908 0.608078003 -0.658386469 0.749945521 -0.064102337 0.000579774 -0.494373858 -0.366650045 0.788138509 4.831299305
0.567557633 0.550590158 0.612150908 0.608078003 -0.658386469 0.749945521 -0.064102337 0.000579774 -0.494373858 -0.366650045 0.788138509 4.831299305
0.567557633 0.550590158 0.612150908 0.608078003 -0.658386469 0.749945521 -0.064102337 0.000579774 -0.494373858 -0.366650045 0.788138509 4.831299305
0.567557633 0.550590158 0.612150908 0.608078003 -0.658386469 0.749945521 -0.064102337 0.000579774 -0.494373858 -0.366650045 0.788138509 4.831299305
0.828786671 0.312371671 0.464259237 1.528789639 -0.308887333 0.947211444 -0.085901052 1.126017809 -0.466584712 -0.072210133 0.881523907 3.337252140
0.818983316 0.329107076 0.470058411 1.543161988 -0.347069025 0.936454535 -0.050951242 1.173965931 -0.456956774 -0.121414497 0.881163478 3.457821131
0.816169620 0.331920892 0.472964704 1.560854435 -0.364354402 0.930936038 -0.024572924 1.222791195 -0.448456138 -0.152271092 0.880738735 3.570096254
0.818623841 0.342829764 0.460784793 1.615166903 -0.384840012 0.922978342 -0.003006198 1.256054282 -0.426325023 -0.174867511 0.887506902 3.574475288
0.818626523 0.359619915 0.447799146 1.589681625 -0.407106519 0.913317263 0.010766260 1.269801140 -0.405110985 -0.191115528 0.894069374 3.583678484
0.818103015 0.359488130 0.448860496 1.538995028 -0.407836229 0.912974417 0.012138680 1.201869965 -0.405434489 -0.192992270 0.893519402 3.559203863
0.821139932 0.356501400 0.445685983 1.534923077 -0.407041132 0.913202286 0.019475177 1.154854298 -0.400058508 -0.197404340 0.894977510 3.614681005
0.824918807 0.348237693 0.445240825 1.557902575 -0.396036983 0.918100715 0.015679367 1.062505245 -0.403315783 -0.189266026 0.895273626 3.493934631
0.834913790 0.336001873 0.435914487 1.735450029 -0.365279257 0.930728197 -0.017778158 1.431968689 -0.411691397 -0.144387275 0.899812520 3.358243942
0.836672187 0.333205789 0.434687912 1.751251459 -0.358214259 0.933279574 -0.025917970 1.508151650 -0.414321423 -0.134026587 0.900208175 3.391609430
0.837331891 0.329444259 0.436281621 1.756882429 -0.352960378 0.935195863 -0.028765723 1.504875422 -0.417485565 -0.129903674 0.899350226 3.380750418
0.838758111 0.331005603 0.432342529 1.750844002 -0.352221876 0.935342133 -0.032785445 1.485469818 -0.415240318 -0.124781460 0.901113331 3.339985609
0.837642908 0.331010014 0.434495896 1.768506646 -0.351696819 0.935472488 -0.034647860 1.567338586 -0.417927772 -0.123788290 0.900007248 3.416164160
0.837623596 0.330523103 0.434903443 1.766548634 -0.352171034 0.935368061 -0.032590970 1.572756767 -0.417566836 -0.125861451 0.899887085 3.408660650
0.834549904 0.334750742 0.437571049 1.755839825 -0.357214093 0.933445930 -0.032814682 1.539437413 -0.419433713 -0.128921047 0.898584902 3.429991961
0.828259051 0.340570748 0.444970161 1.729689240 -0.362394631 0.931241632 -0.038198136 1.590922713 -0.427383900 -0.129616857 0.894730508 3.471064091
0.819198608 0.352509171 0.452383637 1.699542642 -0.374687314 0.926145434 -0.043174446 1.657469630 -0.434192508 -0.134134009 0.890777826 3.511259794
0.808847070 0.358820200 0.465848088 1.680846691 -0.383481532 0.922466338 -0.044696361 1.701636910 -0.445767105 -0.142491594 0.883735240 3.600619555
0.802578747 0.353130579 0.480797380 1.566831589 -0.379039764 0.924231291 -0.046100646 1.621409893 -0.460647553 -0.145241931 0.875619054 3.636675596
0.795930147 0.355612308 0.489933819 1.433548689 -0.383100986 0.922499120 -0.047211356 1.590869784 -0.468752533 -0.150117204 0.870480299 3.703485966
0.789047420 0.362855792 0.495721340 1.439043045 -0.392352581 0.918569148 -0.047855988 1.517562032 -0.472719133 -0.156736925 0.867162168 3.724303246
0.782178402 0.361091822 0.507749677 1.378261566 -0.393645108 0.918085515 -0.046504065 1.418936968 -0.482949913 -0.163498700 0.860248685 3.770881414
0.774812281 0.356943667 0.521782577 1.379942179 -0.387899280 0.920150280 -0.053456567 1.456707954 -0.499199390 -0.160980284 0.851402044 3.815126896
0.759226978 0.355879575 0.544907451 1.362662315 -0.382982522 0.921245515 -0.068051584 1.432435989 -0.526211739 -0.157023430 0.835730255 3.785249233
0.751208186 0.363441467 0.550995827 1.414618254 -0.387155980 0.918696642 -0.078145206 1.530597329 -0.534599364 -0.154618040 0.830841124 3.865816832
0.741941154 0.368919432 0.559840739 1.404961944 -0.389653623 0.916773319 -0.087730974 1.524452806 -0.545612812 -0.153052807 0.823942661 3.851894379
0.736090243 0.373171747 0.564724743 1.404639840 -0.393684745 0.914701462 -0.091289029 1.516819835 -0.550621033 -0.155126572 0.820214748 3.849454880
0.726179540 0.379478693 0.573288143 1.403373480 -0.400175363 0.911358535 -0.096359916 1.500613928 -0.559037566 -0.159441158 0.813668013 3.842962265
0.711305261 0.382571369 0.589647353 1.410347939 -0.402797014 0.909350634 -0.104096025 1.494435906 -0.576020479 -0.163464129 0.800924480 3.843655348
0.699952245 0.383042514 0.602781236 1.397935033 -0.402010620 0.908911407 -0.110758908 1.469004273 -0.590299964 -0.164798483 0.790181875 3.827656746
0.691557527 0.388582051 0.608894229 1.419934392 -0.407525510 0.905889928 -0.115266696 1.498681426 -0.596381724 -0.168426365 0.784832120 3.846877337
0.675581515 0.392498136 0.624127328 1.441647768 -0.415590972 0.901948392 -0.117359862 1.692178488 -0.608994186 -0.180095494 0.772458315 3.987604141
0.653315008 0.405758768 0.639170825 1.387910843 -0.421039253 0.896377742 -0.138682634 2.128579617 -0.629210174 -0.178512588 0.756457388 4.085721970
0.643042445 0.412633866 0.645158708 1.394464493 -0.424660921 0.893174827 -0.147993177 2.130926609 -0.637306333 -0.178807795 0.749578834 4.074053764
0.624107301 0.422327220 0.657365799 1.375947475 -0.427385330 0.888834417 -0.165272668 2.112757683 -0.654088557 -0.177800640 0.735224426 4.030926704
0.609425783 0.429868817 0.666192949 1.370566845 -0.430066109 0.885131538 -0.177721977 2.111049414 -0.666065454 -0.178198636 0.724294066 4.038447857
0.598448753 0.432675362 0.674278200 1.381948233 -0.432846963 0.882834911 -0.182334453 2.107498884 -0.674167931 -0.182741463 0.715613663 4.041125298
0.568507552 0.449734092 0.688867569 1.057758808 -0.461848944 0.867418706 -0.185149103 1.804349065 -0.680804431 -0.212894082 0.700843394 3.675139904
0.561912894 0.444887817 0.697372735 1.029757977 -0.471691847 0.864887893 -0.171684921 1.622293472 -0.679529846 -0.232473075 0.695841610 3.765421867
0.560052574 0.443959922 0.699457467 1.010405302 -0.475904107 0.863492310 -0.167021811 1.518935204 -0.678127110 -0.239333630 0.694883466 3.803865433
0.553681254 0.441586375 0.706001818 1.020444036 -0.464650869 0.867392242 -0.178129971 1.758019686 -0.691040158 -0.229417086 0.685442328 3.809710741
0.550857723 0.440823525 0.708682179 1.004801154 -0.463522553 0.867722392 -0.179456264 1.789349556 -0.694047928 -0.229635268 0.682323277 3.808164120
0.552985132 0.438053936 0.708742738 0.979683876 -0.462080956 0.869072616 -0.176618069 1.755176783 -0.693317175 -0.229829341 0.683000743 3.816424847
0.551526248 0.431846231 0.713671982 0.979226112 -0.456471831 0.872339010 -0.175094575 1.724707007 -0.698177814 -0.229201868 0.678243458 3.843396187
0.554463387 0.430435151 0.712247133 0.980963945 -0.445540249 0.876400888 -0.182798982 1.699747205 -0.702897012 -0.215979397 0.677708387 3.829049587
0.568190575 0.422644168 0.706067502 1.028986454 -0.430048555 0.884041905 -0.183106601 1.732646465 -0.701582253 -0.199603915 0.684061766 3.797522545
0.557936132 0.414589763 0.718903720 0.976833224 -0.434757978 0.883904397 -0.172332555 1.677752495 -0.706889451 -0.216398567 0.673408389 3.895757675
0.589845598 0.356297642 0.724661469 1.319786906 -0.429709256 0.898279071 -0.091894843 0.752314687 -0.683690131 -0.257189959 0.682950377 3.985321283
0.572841167 0.365321875 0.733752608 1.352759123 -0.446689516 0.889711916 -0.094240360 0.759953856 -0.687256634 -0.273774862 0.672849000 4.109723091
0.575742483 0.372734547 0.727729023 1.760337830 -0.448014677 0.888352931 -0.100557759 1.026314616 -0.683961570 -0.268137872 0.678453088 4.041483402
0.563386798 0.376793623 0.735269904 1.709738493 -0.451422304 0.885748923 -0.108013526 1.209014893 -0.691963196 -0.271063834 0.669112206 4.178537369
0.610066712 0.362411946 0.704610646 2.628150225 -0.433104515 0.897186399 -0.086470932 1.105887175 -0.663505137 -0.252417028 0.704305768 3.320697784
0.616918683 0.363659143 0.697970867 2.999801636 -0.433148205 0.897335649 -0.084684193 1.102500081 -0.657110333 -0.250081569 0.711101413 2.854034901
0.614680350 0.360511631 0.701569259 3.005650520 -0.435320526 0.896766424 -0.079410233 1.096292138 -0.657772064 -0.256595612 0.708162844 2.875735998
0.612728775 0.363995820 0.701477468 3.010090351 -0.439351469 0.894701719 -0.080493607 1.089022160 -0.656912327 -0.258874387 0.708131492 2.866497278
0.614447355 0.354189277 0.704985440 2.958565712 -0.431736201 0.898851514 -0.075298615 1.072970748 -0.660347164 -0.258100629 0.705213249 3.163029432
0.621414542 0.359668970 0.696047544 2.934308529 -0.437022179 0.896477461 -0.073074356 1.090380788 -0.650273502 -0.258778751 0.714267433 3.393092155
0.629276752 0.362463117 0.687481821 2.997066498 -0.442826450 0.894167542 -0.066099733 1.102640033 -0.638682663 -0.262840122 0.723187089 3.780004740
0.631412864 0.373143166 0.679766178 2.965524197 -0.453642011 0.888702393 -0.066460863 1.106132984 -0.628909290 -0.266406268 0.730411530 3.627160311
0.632315218 0.389926642 0.669428647 2.900844336 -0.475993365 0.877302706 -0.061404333 1.008543015 -0.611234665 -0.279816687 0.740334272 3.344068289
0.655265868 0.377207249 0.654477954 3.068737030 -0.468070537 0.882778347 -0.040153824 0.938091636 -0.592905223 -0.280030370 0.755014181 3.395441532
0.655265868 0.377207249 0.654477954 3.068737030 -0.468070537 0.882778347 -0.040153824 0.938091636 -0.592905223 -0.280030370 0.755014181 3.395441532
0.655265868 0.377207249 0.654477954 3.068737030 -0.468070537 0.882778347 -0.040153824 0.938091636 -0.592905223 -0.280030370 0.755014181 3.395441532
0.839718938 0.303700417 0.450153410 1.508184791 -0.335788578 0.941893578 -0.009075686 1.113997936 -0.426753044 -0.143535331 0.892905176 2.464901924
0.870969713 0.301890850 0.387651384 1.302052975 -0.342164308 0.938887715 0.037593618 0.853060722 -0.352612078 -0.165383384 0.921039224 2.226210356
0.932410777 0.314029753 0.178872645 0.905457020 -0.352548927 0.899221063 0.259057224 -0.879849672 -0.079494387 -0.304609179 0.949154317 2.722375393
0.978807807 0.174287945 0.107513368 0.974655986 -0.197305441 0.943207979 0.267262340 -1.191204906 -0.054826826 -0.282811463 0.957607329 4.227112770
0.978807807 0.174287945 0.107513368 0.974655986 -0.197305441 0.943207979 0.267262340 -1.191204906 -0.054826826 -0.282811463 0.957607329 4.227112770
0.978807807 0.174287945 0.107513368 0.974655986 -0.197305441 0.943207979 0.267262340 -1.191204906 -0.054826826 -0.282811463 0.957607329 4.227112770
0.978807807 0.174287945 0.107513368 0.974655986 -0.197305441 0.943207979 0.267262340 -1.191204906 -0.054826826 -0.282811463 0.957607329 4.227112770
0.978807807 0.174287945 0.107513368 0.974655986 -0.197305441 0.943207979 0.267262340 -1.191204906 -0.054826826 -0.282811463 0.957607329 4.227112770
0.978807807 0.174287945 0.107513368 0.974655986 -0.197305441 0.943207979 0.267262340 -1.191204906 -0.054826826 -0.282811463 0.957607329 4.227112770
0.978807807 0.174287945 0.107513368 0.974655986 -0.197305441 0.943207979 0.267262340 -1.191204906 -0.054826826 -0.282811463 0.957607329 4.227112770
0.978807807 0.174287945 0.107513368 0.974655986 -0.197305441 0.943207979 0.267262340 -1.191204906 -0.054826826 -0.282811463 0.957607329 4.227112770
0.978807807 0.174287945 0.107513368 0.974655986 -0.197305441 0.943207979 0.267262340 -1.191204906 -0.054826826 -0.282811463 0.957607329 4.227112770
0.978807807 0.174287945 0.107513368 0.974655986 -0.197305441 0.943207979 0.267262340 -1.191204906 -0.054826826 -0.282811463 0.957607329 4.227112770
0.978807807 0.174287945 0.107513368 0.974655986 -0.197305441 0.943207979 0.267262340 -1.191204906 -0.054826826 -0.282811463 0.957607329 4.227112770
0.978807807 0.174287945 0.107513368 0.974655986 -0.197305441 0.943207979 0.267262340 -1.191204906 -0.054826826 -0.282811463 0.957607329 4.227112770
0.978807807 0.174287945 0.107513368 0.974655986 -0.197305441 0.943207979 0.267262340 -1.191204906 -0.054826826 -0.282811463 0.957607329 4.227112770
0.978807807 0.174287945 0.107513368 0.974655986 -0.197305441 0.943207979 0.267262340 -1.191204906 -0.054826826 -0.282811463 0.957607329 4.227112770
0.978807807 0.174287945 0.107513368 0.974655986 -0.197305441 0.943207979 0.267262340 -1.191204906 -0.054826826 -0.282811463 0.957607329 4.227112770
0.978807807 0.174287945 0.107513368 0.974655986 -0.197305441 0.943207979 0.267262340 -1.191204906 -0.054826826 -0.282811463 0.957607329 4.227112770
0.978807807 0.174287945 0.107513368 0.974655986 -0.197305441 0.943207979 0.267262340 -1.191204906 -0.054826826 -0.282811463 0.957607329 4.227112770
0.978807807 0.174287945 0.107513368 0.974655986 -0.197305441 0.943207979 0.267262340 -1.191204906 -0.054826826 -0.282811463 0.957607329 4.227112770
0.978807807 0.174287945 0.107513368 0.974655986 -0.197305441 0.943207979 0.267262340 -1.191204906 -0.054826826 -0.282811463 0.957607329 4.227112770
0.950072944 0.173047155 0.259646237 -0.451856643 -0.160857663 0.984656334 -0.067651480 -0.136925697 -0.267369211 0.022507768 0.963331282 -0.267460376
0.949586213 0.174149349 0.260687530 -0.468616724 -0.161559135 0.984437823 -0.069143623 -0.119920149 -0.268672019 0.023541383 0.962944031 -0.266212076
